gold_standard:0.6,0.8,0.8,1.2,0.4,1.8,2.2,0.0,1.6,0.8,1.2,2.4,0.0,2.2,2.0,0.4,0.2,1.6,2.8,1.2,2.4,2.0,0.8,4.0,2.4,2.4,0.0,2.6,1.8,2.8,3.8,1.6,2.2,1.2,0.0,1.4,1.6,1.4,1.5,3.2,2.6,1.0,0.2,0.6,1.8,1.6,3.0,2.0,2.6,3.4,1.0,2.6,1.4,0.4,2.8,1.6,1.8,1.4,1.2,2.8,1.0,0.0,2.6,2.4,1.2,0.8,1.2,1.4,2.0,2.6,1.0,0.0,2.2,0.4,0.8,2.4,0.2,0.0,1.6,0.8,0.0,2.2,2.0,2.2,1.6,1.0,1.2,1.6,0.0,0.8,0.0,0.8,2.0,2.4,0.4,0.0,1.0,0.0,0.8,2.2,1.4,0.2,1.5,0.6,3.4,1.6,1.0,1.4,1.8,0.8,0.0,1.6,3.4,2.0,0.8,2.25,0.6,1.33333333333333,2.6,2.2,1.6,0.0,0.0,0.8,1.8,1.6,3.0,1.4,0.4,0.6,0.8,3.2,2.0,1.2,0.4,2.4,1.2,1.0,2.6,0.2,3.0,2.0,2.2,2.0,0.6,3.4,2.4,3.2,0.0,2.2,0.8,2.8,3.2,1.8,1.2,2.8,0.0,0.8,2.6,0.0,1.6,0.2,0.0,0.0,1.8,1.6,0.4,0.8,2.0,0.6,0.0,0.0,2.6,2.6,2.66666666666667,0.6,0.2,0.4,2.0,1.0,0.0,1.8,2.6,0.8,2.8,2.4,2.0,3.2,1.2
hamming___normalization_strategy-longer:0.0,0.03,0.01,0.01,0.03,0.01,0.01,0.02,0.02,0.02,0.03,0.01,0.0,0.07,0.01,0.07,0.05,0.02,0.01,0.02,0.0,0.02,0.01,0.0,0.01,0.02,0.02,0.02,0.01,0.09,0.05,0.01,0.01,0.01,0.03,0.0,0.0,0.01,0.0,0.04,0.05,0.02,0.02,0.01,0.01,0.02,0.02,0.01,0.05,0.02,0.02,0.02,0.01,0.02,0.0,0.04,0.04,0.04,0.01,0.09,0.02,0.0,0.02,0.01,0.01,0.0,0.02,0.0,0.03,0.03,0.04,0.01,0.01,0.03,0.0,0.01,0.02,0.02,0.0,0.0,0.01,0.0,0.04,0.01,0.04,0.01,0.03,0.01,0.0,0.02,0.0,0.0,0.03,0.04,0.07,0.01,0.03,0.01,0.0,0.04,0.02,0.02,0.03,0.0,0.01,0.02,0.1,0.04,0.03,0.01,0.0,0.01,0.03,0.0,0.01,0.0,0.03,0.0,0.01,0.01,0.0,0.01,0.01,0.01,0.04,0.03,0.02,0.01,0.0,0.01,0.02,0.01,0.05,0.0,0.03,0.0,0.01,0.0,0.04,0.0,0.01,0.02,0.01,0.02,0.01,0.01,0.0,0.01,0.02,0.08,0.04,0.0,0.0,0.05,0.02,0.01,0.1,0.02,0.03,0.0,0.0,0.05,0.04,0.01,0.04,0.06,0.03,0.02,0.05,0.01,0.02,0.02,0.0,0.0,0.03,0.02,0.03,0.04,0.01,0.01,0.0,0.04,0.02,0.02,0.01,0.07,0.08,0.0,0.03
hamming___normalization_strategy-shorter:0.0,0.1,0.04,0.06,0.05,0.04,0.12,0.06,0.08,0.08,0.06,0.04,0.0,0.07,0.04,0.1,0.1,0.02,0.03,0.06,0.0,0.06,0.02,0.0,0.02,0.03,0.11,0.04,0.07,0.1,0.09,0.05,0.02,0.06,0.04,0.0,0.03,0.05,0.0,0.08,0.26,0.07,0.14,0.02,0.06,0.14,0.02,0.06,0.05,0.02,0.05,0.05,0.03,0.12,0.0,0.1,0.07,0.06,0.03,0.19,0.1,0.0,0.05,0.03,0.07,0.03,0.03,0.0,0.04,0.03,0.07,0.05,0.04,0.03,0.02,0.05,0.06,0.03,0.03,0.0,0.03,0.0,0.07,0.1,0.05,0.04,0.1,0.02,0.0,0.05,0.0,0.03,0.14,0.1,0.09,0.05,0.06,0.07,0.02,0.06,0.02,0.07,0.12,0.0,0.04,0.06,0.13,0.07,0.04,0.08,0.0,0.12,0.05,0.0,0.14,0.0,0.05,0.03,0.06,0.03,0.02,0.02,0.06,0.02,0.09,0.03,0.06,0.02,0.0,0.04,0.06,0.04,0.06,0.0,0.03,0.02,0.04,0.0,0.14,0.0,0.02,0.04,0.06,0.08,0.08,0.03,0.0,0.06,0.07,0.12,0.07,0.0,0.0,0.07,0.05,0.05,0.12,0.06,0.1,0.0,0.05,0.08,0.06,0.07,0.07,0.09,0.06,0.06,0.07,0.02,0.12,0.02,0.0,0.0,0.1,0.03,0.04,0.06,0.03,0.07,0.0,0.08,0.2,0.03,0.05,0.1,0.12,0.0,0.13
